L
71
-60 15 10
-70 15 10
-80 15 10
-90 15 10
-100 15 10
-60 5 10
-70 5 10
-80 5 10
-90 5 10
-100 5 10
-60 -5 10
-70 -5 10
-80 -5 10
-90 -5 10
-100 -5 10
-60 -15 10
-70 -15 10
-80 -15 10
-90 -15 10
-100 -15 10
-60 -25 10
-70 -25 10
-80 -25 10
-90 -25 10
-100 -25 10
-60 -35 10
-70 -35 10
-80 -35 10
-90 -35 10
-100 -35 10
-60 -45 10
-70 -45 10
-80 -45 10
-90 -45 10
-100 -45 10
-60 -55 10
-70 -55 10
-80 -55 10
-90 -55 10
-100 -55 10
-60 -65 10
-70 -65 10
-80 -65 10
-90 -65 10
-100 -65 10
-60 -75 10
-70 -75 10
-80 -75 10
-90 -75 10
-100 -75 10
-60 -85 10
-70 -85 10
-80 -85 10
-90 -85 10
-100 -85 10
-50 -85 10
-40 -85 10
-30 -85 10
-20 -85 10
-50 -75 10
-40 -75 10
-30 -75 10
-20 -75 10
-50 -65 10
-40 -65 10
-30 -65 10
-20 -65 10
-50 -55 10
-40 -55 10
-30 -55 10
-20 -55 10
