I
85
0 15 10
-10 15 10
-20 15 10
-30 15 10
-40 15 10
-50 15 10
-60 15 10
-70 15 10
-80 15 10
-90 15 10
0 5 10
-10 5 10
-20 5 10
-30 5 10
-40 5 10
-50 5 10
-60 5 10
-70 5 10
-80 5 10
-90 5 10
0 -5 10
-10 -5 10
-20 -5 10
-30 -5 10
-40 -5 10
-50 -5 10
-60 -5 10
-70 -5 10
-80 -5 10
-90 -5 10
-30 -15 10
-40 -15 10
-50 -15 10
-60 -15 10
-70 -15 10
-30 -25 10
-40 -25 10
-50 -25 10
-60 -25 10
-70 -25 10
-30 -35 10
-40 -35 10
-50 -35 10
-60 -35 10
-70 -35 10
-30 -45 10
-40 -45 10
-50 -45 10
-60 -45 10
-70 -45 10
-30 -55 10
-40 -55 10
-60 -55 10
-70 -55 10
-30 -55 10
0 -65 10
-10 -65 10
-20 -65 10
-30 -65 10
-40 -65 10
-50 -65 10
-60 -65 10
-70 -65 10
-80 -65 10
-90 -65 10
0 -75 10
-10 -75 10
-20 -75 10
-30 -75 10
-40 -75 10
-50 -75 10
-60 -75 10
-70 -75 10
-80 -75 10
-90 -75 10
0 -85 10
-10 -85 10
-20 -85 10
-30 -85 10
-40 -85 10
-50 -85 10
-60 -85 10
-70 -85 10
-80 -85 10
-90 -85 10
