S
90
0 50 10
-10 50 10
-20 50 10
-30 50 10
-40 50 10
-50 50 10
-60 50 10
-70 50 10
0 40 10
-10 40 10
-20 40 10
-30 40 10
-40 40 10
-50 40 10
-60 40 10
-70 40 10
0 30 10
-10 30 10
-20 30 10
-30 30 10
-40 30 10
-50 30 10
-60 30 10
-70 30 10
-50 20 10
-60 20 10
-70 20 10
-50 10 10
-60 10 10
-70 10 10
-50 0 10
-60 0 10
-70 0 10
0 -10 10
-10 -10 10
-20 -10 10
-30 -10 10
-40 -10 10
-50 -10 10
-60 -10 10
-70 -10 10
0 -20 10
-10 -20 10
-20 -20 10
-30 -20 10
-40 -20 10
-50 -20 10
-60 -20 10
-70 -20 10
0 -30 10
-10 -30 10
-20 -30 10
-30 -30 10
-40 -30 10
-50 -30 10
-60 -30 10
-70 -30 10
0 -40 10
-10 -40 10
-20 -40 10
0 -50 10
-10 -50 10
-20 -50 10
0 -60 10
-10 -60 10
-20 -60 10
0 -70 10
-10 -70 10
-20 -70 10
-30 -70 10
-40 -70 10
-50 -70 10
-60 -70 10
-70 -70 10
0 -80 10
-10 -80 10
-20 -80 10
-30 -80 10
-40 -80 10
-50 -80 10
-60 -80 10
-70 -80 10
0 -90 10
-10 -90 10
-20 -90 10
-30 -90 10
-40 -90 10
-50 -90 10
-60 -90 10
-70 -90 10
